timestamp,avg:boottime,var:boottime,avg:bytes_in,var:bytes_in,avg:bytes_out,var:bytes_out,avg:cpu_aidle,var:cpu_aidle,avg:cpu_idle,var:cpu_idle,avg:cpu_nice,var:cpu_nice,avg:cpu_speed,var:cpu_speed,avg:cpu_steal,var:cpu_steal,avg:cpu_system,var:cpu_system,avg:cpu_user,var:cpu_user,avg:cpu_wio,var:cpu_wio,avg:disk_free,var:disk_free,avg:disk_total,var:disk_total,avg:load_fifteen,var:load_fifteen,avg:load_five,var:load_five,avg:load_one,var:load_one,avg:mem_buffers,var:mem_buffers,avg:mem_cached,var:mem_cached,avg:mem_free,var:mem_free,avg:mem_shared,var:mem_shared,avg:mem_total,var:mem_total,avg:part_max_used,var:part_max_used,avg:pkts_in,var:pkts_in,avg:pkts_out,var:pkts_out,avg:proc_run,var:proc_run,avg:proc_total,var:proc_total,avg:swap_free,var:swap_free,avg:swap_total,var:swap_total,gexec_0,machine_type_0,os_name_0,os_release_0,avg:Agg_Therm_Mgn_1,var:Agg_Therm_Mgn_1,avg:BB_Inlet_Temp,var:BB_Inlet_Temp,avg:BB_Mem_VR_Temp,var:BB_Mem_VR_Temp,avg:BB_P1_VR_Temp,var:BB_P1_VR_Temp,avg:BB__12_0V,var:BB__12_0V,avg:BB__3_0V_VBAT,var:BB__3_0V_VBAT,avg:BMC_Temp,var:BMC_Temp,avg:DIMM_Thrm_Mrgn_1,var:DIMM_Thrm_Mrgn_1,avg:DIMM_Thrm_Mrgn_2,var:DIMM_Thrm_Mrgn_2,avg:Exit_Air_Temp,var:Exit_Air_Temp,avg:HSBP_PSOC_Temp,var:HSBP_PSOC_Temp,avg:HSBP_Temp,var:HSBP_Temp,avg:P1_Therm_Ctrl_%,var:P1_Therm_Ctrl_%,avg:P1_Therm_Margin,var:P1_Therm_Margin,avg:PS1_Curr_Out_%,var:PS1_Curr_Out_%,avg:PS1_Input_Power,var:PS1_Input_Power,avg:PS1_Temperature,var:PS1_Temperature,avg:PS2_Curr_Out_%,var:PS2_Curr_Out_%,avg:PS2_Input_Power,var:PS2_Input_Power,avg:PS2_Temperature,var:PS2_Temperature,avg:Riser_1_Temp,var:Riser_1_Temp,avg:Riser_2_Temp,var:Riser_2_Temp,avg:SSB_Temp,var:SSB_Temp,avg:System_Fan_1a,var:System_Fan_1a,avg:System_Fan_1b,var:System_Fan_1b,avg:System_Fan_2a,var:System_Fan_2a,avg:System_Fan_2b,var:System_Fan_2b,avg:System_Fan_3a,var:System_Fan_3a,avg:System_Fan_3b,var:System_Fan_3b,HDD_0_Status_0,MTT_CPU1_0,NM_Capabilities_0,P1_Status_0,PS1_Status_0,PS2_Status_0
2019-12-05 01:05:00+01:00,1574153084.0,0.0,3342.287166666667,7039070.764673637,4200.311000000001,10920728.937419,74.9,0.0,76.43,0.002099999999999761,0.0,0.0,1400.0,0.0,0.0,0.0,0.76,0.008400000000000005,22.78,0.033599999999999755,0.0,0.0,78.96699999999998,2.0194839173657902e-28,102.802,0.0,69.27733333333333,0.002189555555555523,69.37966666666665,0.03134988888888908,69.02316666666667,0.2881116388888882,0.0,0.0,954033.7333333333,337.2622222222222,61830689.8,428058810991.6933,0.0,0.0,98705496.0,0.0,83.8,0.0,63.09466666666667,2734.789411555556,63.064166666666665,2751.5887576388886,64.26666666666667,0.19555555555555557,3423.1833333333334,5.083055555555556,16383996.0,0.0,16383996.0,0.0,1.0,1.0,1.0,1.0,12.6,0.24000000000000005,37.0,0.0,48.0,0.0,55.0,0.0,12.2975,0.0016329599999999548,3.1685999999999996,1.9721522630525295e-31,47.0,0.0,-53.266666666666666,0.19555555555555554,-52.0,0.0,50.53333333333333,0.2488888888888889,45.0,0.0,32.733333333333334,0.19555555555555554,0.0,0.0,-13.333333333333334,2.0888888888888886,26.6,2.64,724.5333333333333,1933.8488888888892,48.46666666666667,0.2488888888888889,26.6,3.44,733.3333333333334,2947.0222222222224,47.8,0.16,39.333333333333336,0.22222222222222218,36.0,0.0,57.0,0.0,24454.266666666666,8792.995555555557,24565.333333333332,25183.82222222222,24349.733333333334,3670.8622222222216,24545.733333333334,20317.795555555553,24604.533333333333,13402.915555555555,24552.266666666666,22878.862222222222,1.0,1.0,1.0,1.0,1.0,1.0
2019-12-05 01:10:00+01:00,1574153084.0,0.0,275.6295,28375.858624749995,619.419,431331.75621900003,74.9,0.0,76.43,0.0020999999999997613,0.0,0.0,1400.0,0.0,0.0,0.0,0.7866666666666666,0.007488888888888893,22.783333333333335,0.004388888888888889,0.0,0.0,78.967,0.0,102.80199999999999,2.0194839173657902e-28,69.21983333333334,0.0001783055555555689,69.19083333333333,0.0013143055555555282,69.167,0.033224333333333245,0.0,0.0,954062.2666666667,51.395555555555546,62085554.333333336,419602804457.7555,0.0,0.0,98705496.0,0.0,83.8,0.0,3.9235000000000007,6.175282749999999,2.5420000000000003,2.214576000000001,64.25,0.1875,3421.0666666666666,0.2622222222222222,16383996.0,0.0,16383996.0,0.0,1.0,1.0,1.0,1.0,12.266666666666667,0.19555555555555557,36.733333333333334,0.1955555555555555,48.0,0.0,55.0,0.0,12.293900000000002,0.002125439999999946,3.168599999999999,7.888609052210118e-31,47.0,0.0,-53.6,0.23999999999999996,-52.0,0.0,50.4,0.23999999999999996,45.0,0.0,32.4,0.23999999999999996,0.0,0.0,-13.266666666666667,2.328888888888889,26.533333333333335,2.382222222222222,721.6,1948.9066666666668,48.4,0.23999999999999996,26.2,4.159999999999999,726.7333333333333,1943.5288888888888,47.8,0.16,39.0,0.0,36.0,0.0,57.0,0.0,24473.866666666665,27488.782222222224,24591.466666666667,28769.315555555553,24323.6,1536.6399999999999,24598.0,11524.8,24578.4,16903.04,24558.8,17671.359999999997,1.0,1.0,1.0,1.0,1.0,1.0
2019-12-05 01:15:00+01:00,1574153084.0,0.0,2487.219,7295672.348419,3628.9375,8303549.3683187505,74.9,0.0,76.38,0.0016000000000002729,0.0,0.0,1400.0,0.0,0.0,0.0,1.0933333333333333,0.2209555555555556,22.54,0.15339999999999956,0.0,0.0,78.967,0.0,102.802,0.0,69.04566666666666,0.014954555555555709,68.7565,0.0901227499999999,68.19416666666666,0.5673209722222204,0.0,0.0,954129.2,319.6266666666666,62067169.53333333,535057074524.3156,0.0,0.0,98705496.0,0.0,83.8,0.0,45.95,2772.8064,43.994,2886.4675839999995,64.48333333333333,0.24972222222222223,3423.0666666666666,3.9955555555555557,16383996.0,0.0,16383996.0,0.0,1.0,1.0,1.0,1.0,12.933333333333334,0.06222222222222223,37.0,0.0,48.0,0.0,55.333333333333336,0.22222222222222224,12.301100000000003,0.0022809599999999786,3.168599999999999,7.888609052210118e-31,47.0,0.0,-53.0,0.0,-51.8,0.16000000000000006,50.93333333333333,0.06222222222222226,45.266666666666666,0.19555555555555554,32.93333333333333,0.06222222222222223,0.0,0.0,-13.6,1.84,26.333333333333332,5.422222222222222,734.0666666666667,1475.6622222222225,48.8,0.16000000000000006,26.666666666666668,3.555555555555556,719.4,2949.1733333333336,48.0,0.0,39.86666666666667,0.11555555555555559,36.86666666666667,0.11555555555555559,57.0,0.0,24506.533333333333,26208.24888888889,24650.266666666666,40806.328888888886,24375.866666666665,4439.182222222223,24558.8,17671.359999999993,24519.6,16903.040000000005,24571.866666666665,27488.782222222228,1.0,1.0,1.0,1.0,1.0,1.0
2019-12-05 01:20:00+01:00,1574153084.0,0.0,3949.7505000000006,7150645.301714749,5040.022,8861754.730795998,74.9,0.0,76.37,0.002100000000000358,0.0,0.0,1400.0,0.0,0.0,0.0,0.9833333333333333,0.01705555555555556,22.615,0.004608333333333273,0.0,0.0,78.96699999999998,2.0194839173657902e-28,102.80199999999999,2.0194839173657902e-28,68.80166666666666,0.006440555555555487,68.38233333333335,0.019614555555556395,68.26099999999998,0.342549000000006,0.0,0.0,954154.2,3.9599999999999986,61822513.333333336,648186819065.9556,0.0,0.0,98705496.0,0.0,83.8,0.0,74.05616666666667,2736.768196972222,73.91833333333335,2681.4597638888895,64.18333333333334,0.1497222222222222,3421.5333333333333,1.8488888888888892,16383996.0,0.0,16383996.0,0.0,1.0,1.0,1.0,1.0,12.533333333333333,0.2488888888888888,37.0,0.0,48.0,0.0,55.0,0.0,12.2795,0.0018921599999999709,3.168599999999999,7.888609052210118e-31,47.0,0.0,-53.2,0.16000000000000006,-52.0,0.0,50.6,0.23999999999999996,45.06666666666667,0.06222222222222225,32.53333333333333,0.2488888888888889,0.0,0.0,-13.733333333333333,2.5955555555555554,26.4,3.84,728.9333333333333,2250.0622222222223,49.0,0.0,26.466666666666665,3.4488888888888893,737.0,1790.8,48.0,0.0,39.733333333333334,0.1955555555555555,36.0,0.0,57.0,0.0,24421.6,4097.706666666667,24519.6,32269.440000000006,24349.733333333334,2390.3288888888883,24454.266666666666,13915.128888888892,24598.0,26891.2,24467.333333333332,16220.088888888884,1.0,1.0,1.0,1.0,1.0,1.0
2019-12-05 01:25:00+01:00,1574153084.0,0.0,318.26399999999995,12635.344304000002,1124.5386666666668,376762.6682648889,74.9,0.0,76.34,0.00840000000000024,0.0,0.0,1400.0,0.0,0.0,0.0,0.87,0.02210000000000001,22.79,0.01489999999999991,0.0,0.0,78.96699999999998,2.0194839173657902e-28,102.80199999999999,2.0194839173657902e-28,68.66866666666667,0.00022488888888885875,68.357,0.0020210000000002695,68.44,0.02402000000000051,0.0,0.0,954232.0,1830.4,62492528.53333333,47925627.44888889,0.0,0.0,98705496.0,0.0,83.8,0.0,4.729333333333333,5.6182328888888895,3.666000000000001,1.8671840000000004,64.46666666666667,0.2488888888888889,3422.9333333333334,4.328888888888889,16383996.0,0.0,16383996.0,0.0,1.0,1.0,1.0,1.0,12.066666666666666,0.06222222222222223,36.733333333333334,0.1955555555555555,48.0,0.0,55.0,0.0,12.283100000000005,0.0018921599999999709,3.168599999999999,7.888609052210118e-31,46.6,0.23999999999999996,-53.86666666666667,0.11555555555555559,-52.0,0.0,50.0,0.0,45.0,0.0,32.06666666666667,0.06222222222222223,0.0,0.0,-14.333333333333334,1.6888888888888887,26.4,2.3733333333333326,729.6666666666666,1575.6888888888886,48.86666666666667,0.11555555555555558,27.133333333333333,1.7155555555555555,739.2,1681.0933333333335,48.0,0.0,39.0,0.0,36.0,0.0,56.733333333333334,0.1955555555555555,24460.8,12549.226666666667,24545.733333333334,26720.462222222228,24349.733333333334,2390.328888888889,24513.066666666666,16476.195555555554,24584.933333333334,26720.462222222224,24434.666666666668,14939.55555555556,1.0,1.0,1.0,1.0,1.0,1.0
2019-12-05 01:30:00+01:00,1574153084.0,0.0,2114.9419999999996,7130683.763455997,2034.5939999999998,10221662.184623996,74.9,0.0,76.41666666666667,0.003055555555555208,0.0,0.0,1400.0,0.0,0.0,0.0,0.7016666666666667,0.0001638888888888892,22.86,0.002399999999999898,0.0,0.0,78.967,0.0,102.802,0.0,68.64716666666668,0.000890305555555464,68.49666666666668,0.0048688888888883085,68.48316666666666,0.1429149722222219,0.0,0.0,954376.8666666667,44.315555555555555,62241849.333333336,175433933790.22223,0.0,0.0,98705496.0,0.0,83.8,0.0,39.766666666666666,2660.9679555555554,31.36,2468.4044000000004,65.0,0.0,3426.0,0.0,16383996.0,0.0,16383996.0,0.0,1.0,1.0,1.0,1.0,12.8,0.16,37.0,0.0,48.0,0.0,55.333333333333336,0.2222222222222223,12.2939,0.0025142399999999693,3.168599999999999,7.888609052210118e-31,47.0,0.0,-53.0,0.0,-52.0,0.0,50.86666666666667,0.11555555555555559,45.0,0.0,32.93333333333333,0.06222222222222224,0.0,0.0,-13.266666666666667,1.5288888888888887,26.466666666666665,3.048888888888889,722.3333333333334,2479.155555555556,48.666666666666664,0.2222222222222223,26.466666666666665,2.115555555555556,728.9333333333333,2056.4622222222224,47.8,0.16000000000000006,39.733333333333334,0.1955555555555555,36.53333333333333,0.2488888888888889,57.0,0.0,24460.8,18951.893333333333,24558.8,17671.359999999997,24395.466666666667,10841.84888888889,24617.6,41233.17333333334,24532.666666666668,17500.62222222222,24539.2,21512.96,1.0,1.0,1.0,1.0,1.0,1.0
2019-12-05 01:35:00+01:00,1574153084.0,0.0,3795.233333333333,8964635.993088886,4334.953333333333,11030980.482955555,74.9,0.0,76.45,0.007499999999999147,0.0,0.0,1400.0,0.0,0.0,0.0,1.3916666666666666,1.741097222222222,22.17,1.7704333333333322,0.0,0.0,78.9664,2.4000000000229194e-07,102.80200000000002,2.0194839173657902e-28,68.52083333333333,0.005057638888888991,68.2955,0.027864750000001534,68.1725,0.14401875,0.0,0.0,954447.9333333333,375.72888888888883,62397326.266666666,70771025137.26222,0.0,0.0,98705496.0,0.0,83.8,0.0,71.42933333333332,3398.8400462222226,65.17466666666667,2783.734638222222,64.73333333333333,0.19555555555555557,3424.65,4.0275,16383996.0,0.0,16383996.0,0.0,1.0,1.0,1.0,1.0,12.333333333333334,0.22222222222222218,36.93333333333333,0.06222222222222226,47.46666666666667,0.24888888888888897,54.2,0.8266666666666663,12.304700000000002,0.0021254399999999494,3.168599999999999,7.888609052210118e-31,46.4,0.23999999999999996,-53.53333333333333,0.2488888888888889,-52.06666666666667,0.06222222222222226,49.733333333333334,0.8622222222222224,45.0,0.0,32.4,0.23999999999999996,0.0,0.0,-15.733333333333333,11.262222222222222,24.866666666666667,9.98222222222222,708.4,4675.44,48.6,0.23999999999999996,25.6,7.84,723.0666666666667,3814.9955555555566,47.86666666666667,0.11555555555555559,39.2,0.16000000000000006,36.0,0.0,56.2,0.5599999999999997,24428.133333333335,26208.248888888887,24506.533333333333,15963.982222222226,24349.733333333334,6231.928888888888,24545.733333333334,21598.328888888893,24545.733333333334,12634.595555555557,24513.066666666666,22878.86222222222,1.0,1.0,1.0,1.0,1.0,1.0
2019-12-05 01:40:00+01:00,1574153084.0,0.0,193.66666666666666,11102.486755555554,572.4633333333334,426044.4970888888,74.9,0.0,76.4,0.0,0.0,0.0,1400.0,0.0,0.0,0.0,0.93,0.0101,22.64,0.016400000000000033,0.0,0.0,78.96600000000001,2.0194839173657902e-28,102.802,0.0,68.60633333333332,0.0013232222222222135,68.642,0.00923599999999984,68.78133333333334,0.09524488888888603,0.0,0.0,954476.4666666667,43.24888888888889,61870083.86666667,606160652359.449,0.0,0.0,98705496.0,0.0,83.8,0.0,2.66,2.5992,2.17,2.6449999999999996,64.06666666666666,0.06222222222222219,3422.9333333333334,2.9955555555555557,16383996.0,0.0,16383996.0,0.0,1.0,1.0,1.0,1.0,12.466666666666667,0.2488888888888888,37.0,0.0,48.0,0.0,55.0,0.0,12.297500000000003,0.0016329599999999856,3.168599999999999,7.888609052210118e-31,47.0,0.0,-53.266666666666666,0.1955555555555555,-52.0,0.0,50.4,0.37333333333333324,45.0,0.0,32.4,0.23999999999999996,0.0,0.0,-13.6,1.44,26.533333333333335,3.715555555555556,725.2666666666667,2008.062222222222,48.733333333333334,0.19555555555555554,26.866666666666667,3.5822222222222226,728.9333333333333,1588.5955555555554,47.93333333333333,0.06222222222222223,39.0,0.0,36.06666666666667,0.06222222222222226,57.0,0.0,24415.066666666666,13915.12888888889,24630.666666666668,40550.22222222221,24362.8,6146.559999999999,24604.533333333333,13402.915555555559,24571.866666666665,19805.582222222223,24486.933333333334,8792.995555555557,1.0,1.0,1.0,1.0,1.0,1.0
2019-12-05 01:45:00+01:00,1574153084.0,0.0,1496.1033333333332,2660770.7717555542,2230.68,1080832.2338,74.9,0.0,76.42833333333333,0.0020305555555553247,0.0,0.0,1400.0,0.0,0.0,0.0,1.005,0.00814166666666667,22.538333333333334,0.004363888888888951,0.0,0.0,78.966,0.0,102.80199999999999,2.0194839173657902e-28,68.67616666666667,0.0038503055555549996,68.78183333333332,0.02508497222222277,68.818,0.16892933333333063,0.0,0.0,954542.9333333333,410.59555555555556,61935068.0,474973306069.3333,0.0,0.0,98705496.0,0.0,83.8,0.0,24.58,771.4592,24.266666666666666,783.8160222222223,64.26666666666667,0.1955555555555556,3423.4,3.573333333333334,16383996.0,0.0,16383996.0,0.0,1.0,1.0,1.0,1.0,12.6,0.23999999999999996,36.86666666666667,0.11555555555555559,48.0,0.0,55.0,0.0,12.286700000000003,0.0006998399999999608,3.168599999999999,7.888609052210118e-31,47.0,0.0,-53.4,0.23999999999999996,-52.0,0.0,50.666666666666664,0.3555555555555556,45.0,0.0,32.6,0.23999999999999996,0.0,0.0,-13.866666666666667,2.5155555555555553,26.0,4.666666666666667,720.1333333333333,2611.448888888889,48.6,0.23999999999999996,26.8,2.96,727.4666666666667,1917.7155555555557,47.93333333333333,0.06222222222222226,39.06666666666667,0.06222222222222223,36.06666666666667,0.06222222222222223,57.0,0.0,24480.4,18183.573333333337,24513.066666666666,19037.262222222227,24356.266666666666,3670.8622222222225,24513.066666666666,19037.26222222222,24578.4,16903.04,24552.266666666666,16476.195555555558,1.0,1.0,1.0,1.0,1.0,1.0
2019-12-05 01:50:00+01:00,1574153084.0,0.0,15692.785833333333,305057686.41517437,3020.6925,998537.00586875,74.9,0.0,76.41666666666667,0.001388888888888731,0.0,0.0,1400.0,0.0,0.0,0.0,0.9,0.02600000000000001,22.64,0.022400000000000104,0.0,0.0,78.96659999999999,2.400000000022919e-07,102.80199999999999,2.0194839173657902e-28,68.75800000000001,0.0017359999999996523,68.856,0.029023999999999266,68.55966666666666,0.36800988888888725,0.0,0.0,954574.4,10.240000000000002,62496260.0,255453096.53333333,0.0,0.0,98705496.0,0.0,83.8,0.0,51.7,319.0784,48.308499999999995,521.88501275,49.06666666666667,643.6622222222222,3426.866666666667,94.64888888888888,16383996.0,0.0,16383996.0,0.0,1.0,1.0,1.0,1.0,12.533333333333333,0.2488888888888888,37.0,0.0,48.0,0.0,55.0,0.0,12.304700000000002,0.0017366399999999575,3.168599999999999,7.888609052210118e-31,47.0,0.0,-53.333333333333336,0.2222222222222223,-52.0,0.0,50.46666666666667,0.24888888888888897,45.0,0.0,32.4,0.23999999999999996,0.0,0.0,-14.066666666666666,5.795555555555556,26.533333333333335,4.115555555555556,733.3333333333334,1559.5555555555554,48.93333333333333,0.06222222222222224,26.0,4.933333333333334,725.2666666666667,2008.062222222222,47.86666666666667,0.11555555555555559,39.333333333333336,0.2222222222222223,36.2,0.16000000000000006,57.0,0.0,24454.266666666666,8792.995555555557,24565.333333333332,20061.68888888888,24375.866666666665,10841.848888888888,24558.8,18951.893333333333,24545.733333333334,20317.79555555556,24526.133333333335,22366.648888888893,1.0,1.0,1.0,1.0,1.0,1.0
2019-12-05 01:55:00+01:00,1574153084.0,0.0,13515.65666666667,286547580.88660896,2412.7793333333325,653062.3721395559,74.9,0.0,92.13333333333334,67.26188888888888,0.0,0.0,1400.0,0.0,0.0,0.0,0.365,0.10860833333333335,7.51,64.5829,0.0,0.0,78.966,0.0,102.80200000000002,2.0194839173657902e-28,66.981,0.7484456666666685,64.6295,6.443854750000002,61.92816666666667,99.92680830555558,0.0,0.0,575570.9333333333,25538743408.995556,79916745.86666666,9928783681378.916,0.0,0.0,98705496.0,0.0,83.8,0.0,27.35533333333334,25.48119822222221,20.84466666666667,66.07985155555558,5.266666666666667,13.262222222222222,3591.9333333333334,8067.3955555555585,16383996.0,0.0,16383996.0,0.0,1.0,1.0,1.0,1.0,11.8,0.2933333333333334,36.0,0.4,44.733333333333334,2.728888888888889,47.93333333333333,4.862222222222222,12.3803,0.0006480000000000064,3.168599999999999,7.888609052210118e-31,43.8,2.559999999999999,-54.6,0.23999999999999996,-53.266666666666666,0.46222222222222237,44.266666666666666,3.7955555555555565,43.86666666666667,0.648888888888889,31.933333333333334,0.19555555555555557,0.0,0.0,-36.13333333333333,13.715555555555559,17.4,14.639999999999997,496.46666666666664,9677.848888888886,47.733333333333334,0.32888888888888895,14.4,34.10666666666668,407.0,24990.533333333333,46.733333333333334,0.5955555555555557,38.53333333333333,0.2488888888888889,35.733333333333334,0.19555555555555554,50.46666666666667,6.782222222222223,24447.733333333334,10073.528888888886,24669.866666666665,19805.58222222222,24369.333333333332,9817.422222222223,24539.2,15110.29333333333,24669.866666666665,19805.582222222216,24467.333333333332,12378.488888888889,1.0,1.0,1.0,1.0,1.0,1.0
2019-12-05 02:00:00+01:00,1574153084.0,0.0,2426.9928333333332,110.44845030555351,2478.4636666666665,142014.94513988897,74.9,0.0,95.95666666666666,14.602122222222237,0.0,0.0,1400.0,0.0,0.0,0.0,0.115,0.002608333333333333,3.94,14.321066666666669,0.0,0.0,78.96600000000001,2.0194839173657902e-28,102.80199999999999,2.0194839173657902e-28,68.21216666666668,0.22732363888889073,69.30433333333335,1.3562245555555565,73.07483333333334,0.19063497222222406,0.0,0.0,525188.9333333333,5.528888888888889,79176639.06666666,41479885132.99555,0.0,0.0,98705496.0,0.0,83.8,0.0,31.799166666666668,0.0513409722222217,18.293833333333332,32.83923030555556,17.733333333333334,323.99555555555554,3635.15,11.360833333333332,16383996.0,0.0,16383996.0,0.0,1.0,1.0,1.0,1.0,12.0,0.0,35.666666666666664,0.2222222222222223,42.06666666666667,0.06222222222222226,45.6,0.23999999999999996,12.376700000000001,0.0009590400000000097,3.168599999999999,7.888609052210118e-31,42.0,0.0,-55.0,0.0,-54.0,0.0,42.333333333333336,0.2222222222222223,42.266666666666666,0.1955555555555555,32.0,0.0,0.0,0.0,-38.46666666666667,1.7155555555555557,20.733333333333334,57.92888888888889,612.3333333333334,40569.955555555556,46.06666666666667,0.06222222222222226,9.533333333333333,61.71555555555555,276.46666666666664,46816.78222222222,44.333333333333336,0.48888888888888893,37.93333333333333,0.06222222222222225,35.2,0.16,48.0,0.0,24382.4,5378.24,24630.666666666668,16220.088888888888,24362.8,3585.4933333333324,24565.333333333332,31586.488888888885,24584.933333333334,20317.795555555556,24545.733333333334,57453.26222222223,1.0,1.0,1.0,1.0,1.0,1.0
2019-12-05 02:05:00+01:00,1574153084.0,0.0,3614.265000000001,9816272.624115001,4815.730833333333,18389093.324090973,74.9,0.0,87.97166666666666,311.46703055555554,0.0,0.0,1400.0,0.0,0.0,0.0,0.6433333333333333,2.0591222222222223,11.373333333333333,263.68928888888894,0.006666666666666667,0.0006222222222222224,78.966,0.0,102.802,0.0,70.26599999999999,2.042844000000009,73.85433333333334,14.836961222222198,82.6745,240.16594475,0.0,0.0,528035.2666666667,10592179.995555554,72095535.46666667,97333880337760.77,0.0,0.0,98705496.0,0.0,83.8,0.0,64.3635,3212.30839275,62.49933333333334,3143.2705328888887,25.666666666666668,3255.5555555555557,3633.6666666666665,3.8888888888888884,16383996.0,0.0,16383996.0,0.0,1.0,1.0,1.0,1.0,11.333333333333334,0.22222222222222218,35.13333333333333,0.11555555555555559,42.0,0.0,45.333333333333336,0.3555555555555556,12.369500000000002,0.0007257600000000071,3.168599999999999,7.888609052210118e-31,41.46666666666667,0.24888888888888897,-55.666666666666664,0.2222222222222223,-54.266666666666666,0.1955555555555555,42.333333333333336,1.0222222222222224,41.6,0.23999999999999996,31.333333333333332,0.2222222222222223,0.0,0.0,-36.53333333333333,23.84888888888889,16.8,5.626666666666667,482.53333333333336,5596.115555555555,45.266666666666666,0.1955555555555555,17.066666666666666,4.995555555555556,478.8666666666667,3643.9822222222224,43.86666666666667,0.11555555555555559,37.13333333333333,0.11555555555555559,35.06666666666667,0.06222222222222226,47.666666666666664,0.3555555555555556,24454.266666666666,12634.595555555557,24611.066666666666,15195.66222222222,24388.933333333334,6231.928888888888,24526.133333333335,12122.382222222222,24565.333333333332,21342.222222222215,24493.466666666667,18525.048888888887,1.0,1.0,1.0,1.0,1.0,1.0
2019-12-05 02:10:00+01:00,1574153084.0,0.0,460.40099999999995,83655.66933899999,146.87849999999997,393.43018274999974,74.9,0.0,30.49,60.90556666666669,0.0,0.0,1400.0,0.0,0.0,0.0,4.91,0.7209,64.58166666666666,49.00683055555557,0.0,0.0,78.966,0.0,102.80199999999999,2.0194839173657902e-28,100.97416666666666,185.5228509722222,148.24766666666667,809.9875512222222,227.6185,657.8621694166667,0.0,0.0,532648.4666666667,216.0488888888889,58053373.266666666,245564486.66222224,0.0,0.0,98705496.0,0.0,83.8,0.0,7.766000000000001,29.297663999999997,1.9309999999999998,0.04365900000000004,112.2,7063.160000000002,3632.0,0.0,16383996.0,0.0,16383996.0,0.0,1.0,1.0,1.0,1.0,12.0,0.0,35.93333333333333,0.06222222222222226,45.06666666666667,1.128888888888889,51.0,1.3333333333333333,12.3335,0.0026697599999999893,3.168599999999999,7.888609052210118e-31,44.13333333333333,1.1822222222222223,-54.06666666666667,0.06222222222222226,-52.8,0.2933333333333334,47.4,0.6400000000000002,42.53333333333333,0.24888888888888897,32.06666666666667,0.06222222222222226,0.0,0.0,-20.4,2.24,24.2,4.426666666666668,670.2666666666667,1185.2622222222224,45.4,0.23999999999999996,24.733333333333334,5.128888888888889,661.4666666666667,2321.0488888888885,44.53333333333333,0.24888888888888897,38.266666666666666,0.46222222222222237,35.8,0.16000000000000006,53.13333333333333,1.5822222222222222,24552.266666666666,38245.26222222223,24532.666666666668,14939.555555555557,24349.733333333334,3670.8622222222216,24558.8,22793.493333333332,24643.733333333334,19037.26222222222,24513.066666666666,19037.262222222223,1.0,1.0,1.0,1.0,1.0,1.0
2019-12-05 02:15:00+01:00,1574153084.0,0.0,1693.7815,1020194.07754275,1918.3395000000003,3930967.2095347517,74.9,0.0,31.825,125.426875,0.0,0.0,1400.0,0.0,0.0,0.0,4.753333333333333,1.3071555555555554,63.431666666666665,101.47449722222223,0.0,0.0,78.966,0.0,102.80199999999999,2.0194839173657902e-28,141.64716666666666,108.7539503055556,211.9955,144.07038808333337,250.42850000000007,46.76879608333335,0.0,0.0,532795.0666666667,7166.062222222224,58009765.2,139805215.62666667,0.0,0.0,98705496.0,0.0,83.8,0.0,34.071999999999996,504.7578359999998,27.647000000000002,822.857211,176.0,10207.2,3634.133333333333,3.9822222222222217,16383996.0,0.0,16383996.0,0.0,1.0,1.0,1.0,1.0,12.2,0.16000000000000003,36.266666666666666,0.1955555555555555,46.13333333333333,0.11555555555555558,52.266666666666666,0.46222222222222237,12.315500000000002,0.004224960000000028,3.168599999999999,7.888609052210118e-31,45.2,0.16,-53.6,0.23999999999999996,-52.333333333333336,0.2222222222222223,48.4,0.5066666666666667,43.333333333333336,0.22222222222222224,32.333333333333336,0.2222222222222223,0.0,0.0,-20.266666666666666,4.062222222222221,23.4,2.5066666666666673,664.4,2497.440000000001,46.2,0.16,24.0,4.8,670.2666666666667,2282.328888888889,45.266666666666666,0.19555555555555554,39.0,0.0,36.0,0.0,54.333333333333336,0.2222222222222223,24441.2,11268.693333333333,24591.466666666667,17244.515555555558,24362.8,3585.4933333333333,24571.866666666665,19805.582222222223,24552.266666666666,22878.862222222226,24500.0,21769.066666666666,1.0,1.0,1.0,1.0,1.0,1.0
2019-12-05 02:20:00+01:00,1574153084.0,0.0,1619.2226666666666,1855582.5759062218,2355.450666666667,4026849.8875395562,74.9,0.0,40.54666666666667,124.85482222222224,0.0,0.0,1400.0,0.0,0.0,0.0,3.8566666666666665,1.278122222222222,55.608333333333334,101.03776388888888,0.0,0.0,78.966,0.0,102.802,0.0,168.071,28.889699000000025,226.7875,6.54659875,229.4735,155.91625608333337,0.0,0.0,532915.6,653.7066666666668,57990429.666666664,7940974.555555557,0.0,0.0,98705496.0,0.0,83.8,0.0,33.815666666666665,823.4872778888886,34.00566666666667,840.6398245555555,180.2,10299.96,3632.4666666666667,1.6488888888888888,16383996.0,0.0,16383996.0,0.0,1.0,1.0,1.0,1.0,12.133333333333333,0.11555555555555559,36.13333333333333,0.11555555555555559,46.13333333333333,0.11555555555555559,51.666666666666664,0.48888888888888893,12.333500000000003,0.0026697599999999885,3.168599999999999,7.888609052210118e-31,45.2,0.16000000000000006,-53.8,0.16,-52.4,0.23999999999999996,48.06666666666667,0.46222222222222237,44.0,0.0,32.13333333333333,0.11555555555555559,0.0,0.0,-21.533333333333335,4.382222222222222,22.533333333333335,5.84888888888889,638.7333333333333,4895.92888888889,47.0,0.0,23.2,5.093333333333333,644.6,3868.7733333333335,46.0,0.0,39.0,0.0,36.0,0.0,54.0,0.26666666666666666,24500.0,17927.466666666667,24604.533333333333,21086.115555555556,24375.866666666665,5719.715555555555,24513.066666666666,15195.66222222222,24532.666666666668,20061.68888888889,24506.533333333333,21086.11555555556,1.0,1.0,1.0,1.0,1.0,1.0
2019-12-05 02:25:00+01:00,1574153084.0,0.0,116.07950000000002,3642.238734750001,112.45899999999999,3274.3260989999994,74.88833333333334,0.0010305555555557312,30.901666666666667,116.1911638888889,0.0,0.0,1400.0,0.0,0.0,0.0,4.781666666666666,1.1004972222222222,64.31666666666666,94.9017222222222,0.0,0.0,78.966,0.0,102.80199999999999,2.0194839173657902e-28,187.6283333333333,29.515847222222238,234.8243333333333,11.640427888888883,243.2918333333333,54.61756497222223,0.0,0.0,532981.7333333333,187.92888888888885,57980109.2,7621057.76,0.0,0.0,98705496.0,0.0,83.8,0.0,1.7065000000000001,0.6100627499999999,1.615,0.7152749999999998,122.95,8078.6475,3633.0833333333335,1.5097222222222222,16383996.0,0.0,16383996.0,0.0,1.0,1.0,1.0,1.0,12.266666666666667,0.19555555555555557,36.4,0.23999999999999996,46.266666666666666,0.19555555555555554,52.4,0.23999999999999996,12.311900000000001,0.003291839999999964,3.168599999999999,7.888609052210118e-31,45.46666666666667,0.2488888888888889,-53.333333333333336,0.2222222222222223,-52.06666666666667,0.06222222222222226,48.333333333333336,0.22222222222222224,44.0,0.0,32.266666666666666,0.1955555555555555,0.0,0.0,-20.2,3.76,24.0,6.133333333333334,671.7333333333333,3040.5955555555556,47.0,0.0,23.8,1.2266666666666666,660.0,1274.5333333333333,46.0,0.0,39.0,0.0,36.0,0.0,54.53333333333333,0.24888888888888897,24441.2,13829.760000000002,24545.733333333334,17756.728888888894,24375.866666666665,12122.382222222222,24532.666666666668,14939.555555555557,24539.2,26635.093333333338,24473.866666666665,10841.848888888893,1.0,1.0,1.0,1.0,1.0,1.0
2019-12-05 02:30:00+01:00,1574153084.0,0.0,2385.970666666667,6347487.443832888,3018.8459999999995,10570554.821684,74.8,0.0,34.755,62.041141666666654,0.0,0.0,1400.0,0.0,0.0,0.0,4.445,0.5671416666666668,60.81166666666667,50.87169722222221,0.0,0.0,78.966,0.0,102.80199999999999,2.0194839173657902e-28,204.71033333333332,15.503606555555553,244.28166666666667,3.8884338888888834,248.47899999999998,74.06022566666667,0.0,0.0,533479.3333333334,93892.88888888889,57976874.266666666,10151585.262222221,0.0,0.0,98705496.0,0.0,83.8,0.0,45.90766666666667,2456.046691222222,46.156333333333336,2486.593016555556,122.86666666666666,8088.182222222222,3633.133333333333,7.382222222222223,16383996.0,0.0,16383996.0,0.0,1.0,1.0,1.0,1.0,12.2,0.16,36.13333333333333,0.11555555555555558,46.266666666666666,0.1955555555555555,52.06666666666667,0.46222222222222237,12.322700000000003,0.00290303999999998,3.168599999999999,7.888609052210118e-31,45.266666666666666,0.1955555555555555,-53.93333333333333,0.06222222222222223,-52.06666666666667,0.06222222222222226,48.13333333333333,0.11555555555555559,44.0,0.0,32.266666666666666,0.1955555555555555,0.0,0.0,-21.533333333333335,3.3155555555555556,23.0,4.666666666666667,645.3333333333334,3059.9555555555553,47.0,0.0,23.2,4.56,659.2666666666667,3427.795555555556,46.0,0.0,39.0,0.0,36.0,0.0,54.333333333333336,0.2222222222222223,24506.533333333333,15963.982222222223,24539.2,22793.493333333332,24362.8,9988.160000000002,24637.2,17671.36,24630.666666666668,20061.688888888883,24454.266666666666,16476.195555555558,1.0,1.0,1.0,1.0,1.0,1.0
2019-12-05 02:35:00+01:00,1574153084.0,0.0,2956.4970000000003,6524966.500371,3777.445,10703811.118274998,74.8,0.0,30.453333333333333,99.57148888888888,0.0,0.0,1400.0,0.0,0.0,0.0,4.845,0.855808333333333,64.72166666666666,81.74469722222221,0.0,0.0,78.966,0.0,102.80199999999999,2.0194839173657902e-28,215.08216666666664,6.426233638888894,242.81566666666671,2.2463012222222107,241.85649999999998,42.34468274999997,0.0,0.0,533842.8,3737.76,57973512.53333333,5554216.248888889,0.0,0.0,98705496.0,0.0,83.8,0.0,57.193000000000005,2517.753051,57.70300000000002,2527.7480910000004,119.4,7762.84,3634.383333333333,4.2363888888888885,16383996.0,0.0,16383996.0,0.0,1.0,1.0,1.0,1.0,12.266666666666667,0.19555555555555557,36.53333333333333,0.2488888888888889,46.13333333333333,0.11555555555555559,52.266666666666666,0.32888888888888906,12.315500000000002,0.0030585599999999728,3.168599999999999,7.888609052210118e-31,45.266666666666666,0.1955555555555555,-53.6,0.23999999999999996,-52.0,0.0,48.46666666666667,0.24888888888888897,44.0,0.0,32.4,0.23999999999999996,0.0,0.0,-20.4,3.1733333333333333,23.333333333333332,5.555555555555555,662.2,3278.293333333333,47.0,0.0,23.733333333333334,3.528888888888889,658.5333333333333,2546.915555555555,46.0,0.0,39.0,0.0,36.0,0.0,54.4,0.23999999999999996,24434.666666666668,12378.48888888889,24578.4,16903.039999999997,24349.733333333334,3670.8622222222225,24519.6,14341.973333333333,24526.133333333335,12122.382222222222,24552.266666666666,15195.66222222222,1.0,1.0,1.0,1.0,1.0,1.0
2019-12-05 02:40:00+01:00,1574153084.0,0.0,104.03866666666667,1059.2928782222225,154.03633333333335,54.29648322222205,74.8,0.0,31.25,82.08483333333332,0.0,0.0,1400.0,0.0,0.0,0.0,4.838333333333333,0.7303638888888889,63.946666666666665,67.10748888888888,0.0,0.0,78.966,0.0,102.802,0.0,223.48666666666668,4.553992222222226,244.7856666666667,1.6835245555555662,247.14733333333334,32.81825955555556,0.0,0.0,533881.2,243.36,57954138.266666666,245960659.3955556,0.0,0.0,98705496.0,0.0,83.8,0.0,1.4383333333333332,0.10374722222222221,1.816666666666667,0.12032222222222229,69.26666666666667,0.928888888888889,3631.766666666667,2.1788888888888893,16383996.0,0.0,16383996.0,0.0,1.0,1.0,1.0,1.0,12.2,0.16000000000000006,36.46666666666667,0.24888888888888897,46.86666666666667,0.11555555555555559,52.8,0.16000000000000003,12.322700000000001,0.002125440000000005,3.168599999999999,7.888609052210118e-31,45.93333333333333,0.06222222222222226,-53.2,0.16,-52.0,0.0,49.0,0.0,44.06666666666667,0.06222222222222223,32.266666666666666,0.1955555555555555,0.0,0.0,-20.066666666666666,1.9288888888888887,24.2,4.16,680.5333333333333,1788.6488888888891,47.0,0.0,24.466666666666665,4.248888888888889,687.1333333333333,3030.9155555555562,46.666666666666664,0.2222222222222223,39.0,0.0,36.0,0.0,55.0,0.0,24454.266666666666,22878.862222222222,24578.4,13061.439999999997,24375.866666666665,17244.51555555556,24506.533333333333,12122.382222222222,24611.066666666666,30562.06222222222,24480.4,10500.373333333333,1.0,1.0,1.0,1.0,1.0,1.0
2019-12-05 02:45:00+01:00,1574153084.0,0.0,31415.683,1201140369.4800508,660.041,323447.976819,74.8,0.0,32.585,107.47560833333333,0.0,0.0,1400.0,0.0,0.0,0.0,4.681666666666667,1.1004972222222222,62.725,87.08320833333333,0.0,0.0,78.966,0.0,102.80199999999999,2.0194839173657902e-28,228.43333333333334,3.1321855555555542,242.74849999999995,3.5651260833333254,243.0428333333333,70.40011697222222,0.0,0.0,540486.0,127922868.0,57936538.666666664,8059326.222222222,0.0,0.0,98705496.0,0.0,83.8,0.0,47.221999999999994,2603.3420159999996,10.226499999999998,94.78876274999999,227.85,7047.2275,3633.483333333333,4.983055555555556,16383996.0,0.0,16383996.0,0.0,1.0,1.0,1.0,1.0,12.333333333333334,0.22222222222222218,36.46666666666667,0.2488888888888889,46.4,0.23999999999999996,52.333333333333336,0.22222222222222224,12.329900000000004,0.0014774399999999792,3.168599999999999,7.888609052210118e-31,45.6,0.23999999999999996,-53.4,0.23999999999999996,-52.0,0.0,48.6,0.5066666666666667,44.06666666666667,0.06222222222222223,32.4,0.23999999999999996,0.0,0.0,-20.4,2.506666666666667,23.666666666666668,4.222222222222221,664.4,4078.5066666666658,47.0,0.0,24.533333333333335,4.248888888888889,678.3333333333334,3350.355555555556,47.0,0.0,39.0,0.0,36.06666666666667,0.06222222222222223,54.6,0.23999999999999996,24434.666666666668,13659.022222222224,24578.4,16903.04,24356.266666666666,4951.395555555556,24545.733333333334,17756.728888888898,24598.0,23049.6,24500.0,14085.866666666667,1.0,1.0,1.0,1.0,1.0,1.0
2019-12-05 02:50:00+01:00,1574153084.0,0.0,12821.615166666668,602489234.2435349,380.5806666666667,163934.91226955556,74.8,0.0,49.47666666666667,272.9991222222222,0.0,0.0,1400.0,0.0,0.0,0.0,2.95,2.8648333333333333,47.62,220.14693333333338,0.0,0.0,78.96543333333332,2.4555555555092146e-07,102.80199999999999,2.0194839173657902e-28,226.93966666666665,4.858489888888897,229.05183333333335,53.2053849722222,214.76,395.19307333333325,0.0,0.0,561701.4666666667,731962.648888889,57915958.4,197699570.24,0.0,0.0,98705496.0,0.0,83.8,0.0,22.889499999999998,1542.27881475,5.9624999999999995,46.43676875,125.68333333333334,7799.016388888888,3633.4,6.4399999999999995,16383996.0,0.0,16383996.0,0.0,1.0,1.0,1.0,1.0,12.133333333333333,0.24888888888888897,36.266666666666666,0.1955555555555555,45.733333333333334,0.5955555555555557,50.86666666666667,0.648888888888889,12.347900000000001,0.0017366400000000174,3.168599999999999,7.888609052210118e-31,44.86666666666667,0.5155555555555557,-53.86666666666667,0.11555555555555559,-52.8,0.16000000000000006,47.333333333333336,0.6222222222222222,44.0,0.0,32.2,0.16000000000000006,0.0,0.0,-23.866666666666667,4.515555555555555,21.8,5.36,607.9333333333333,3492.3288888888887,47.0,0.0,22.333333333333332,7.422222222222222,613.0666666666667,3540.7288888888884,46.333333333333336,0.2222222222222223,38.93333333333333,0.06222222222222224,36.13333333333333,0.11555555555555559,53.266666666666666,0.9955555555555559,24532.666666666668,21342.222222222223,24598.0,15366.4,24369.333333333332,5975.822222222223,24578.4,41233.17333333333,24545.733333333334,31842.59555555556,24467.333333333332,20061.68888888889,1.0,1.0,1.0,1.0,1.0,1.0
2019-12-05 02:55:00+01:00,1574153084.0,0.0,282.649,18080.297608999994,269.7026666666667,10508.008739555557,74.8,0.0,31.143333333333334,107.75212222222221,0.0,0.0,1400.0,0.0,0.0,0.0,4.778333333333333,1.0463638888888889,64.06333333333333,87.50098888888888,0.0,0.0,78.96596666666667,3.222222222161412e-08,102.80199999999999,2.0194839173657902e-28,230.4186666666667,4.762294888888892,237.17699999999996,23.554600999999977,249.7853333333333,56.0511915555556,0.0,0.0,562230.4,1395.84,57904692.266666666,5977867.662222223,0.0,0.0,98705496.0,0.0,83.8,0.0,4.396333333333333,5.372716555555555,4.435999999999999,4.333823999999999,181.86666666666667,9109.782222222222,3634.3333333333335,4.288888888888889,16383996.0,0.0,16383996.0,0.0,1.0,1.0,1.0,1.0,12.266666666666667,0.19555555555555557,36.2,0.16000000000000006,46.06666666666667,0.06222222222222223,52.13333333333333,0.5155555555555557,12.344300000000002,0.0010367999999999888,3.168599999999999,7.888609052210118e-31,45.06666666666667,0.06222222222222223,-53.53333333333333,0.2488888888888889,-52.2,0.16000000000000006,48.86666666666667,0.648888888888889,44.0,0.0,32.266666666666666,0.1955555555555555,0.0,0.0,-20.4,2.64,22.866666666666667,2.2488888888888887,662.2,3116.96,47.0,0.0,23.733333333333334,6.328888888888889,653.4,2820.106666666666,46.0,0.0,39.0,0.0,36.0,0.0,54.4,0.23999999999999996,24480.4,15622.506666666666,24630.666666666668,23903.288888888885,24362.8,4866.026666666666,24486.933333333334,22878.862222222222,24480.4,24586.240000000005,24480.4,14341.973333333333,1.0,1.0,1.0,1.0,1.0,1.0
2019-12-05 03:00:00+01:00,1574153084.0,0.0,336.61766666666665,1352.9891112222215,330.144,178.4391839999996,74.8,0.0,29.225,62.593875,0.0,0.0,1400.0,0.0,0.0,0.0,4.963333333333333,0.6849888888888889,65.79833333333333,50.45949722222222,0.0,0.0,78.96583333333332,1.3888888888626776e-07,102.80199999999999,2.0194839173657902e-28,235.82383333333337,0.8598103055555621,244.77200000000008,0.9737993333333361,246.2348333333333,25.45615830555557,0.0,0.0,562292.4,254.24,57901653.13333333,11604489.64888889,0.0,0.0,98705496.0,0.0,83.8,0.0,5.165666666666666,0.5724045555555558,5.323333333333333,0.28098888888888873,125.9,7867.69,3632.4666666666667,1.648888888888889,16383996.0,0.0,16383996.0,0.0,1.0,1.0,1.0,1.0,12.066666666666666,0.06222222222222224,36.06666666666667,0.06222222222222226,46.333333333333336,0.2222222222222223,52.333333333333336,0.3555555555555556,12.297500000000003,0.003965759999999977,3.168599999999999,7.888609052210118e-31,45.4,0.23999999999999996,-53.666666666666664,0.2222222222222223,-52.2,0.16000000000000003,48.333333333333336,0.2222222222222223,44.0,0.0,32.13333333333333,0.11555555555555559,0.0,0.0,-20.333333333333332,3.0222222222222226,23.666666666666668,3.4222222222222225,675.4,2449.04,47.0,0.0,24.266666666666666,2.9955555555555557,676.1333333333333,2159.715555555556,46.0,0.0,39.0,0.0,36.0,0.0,54.46666666666667,0.24888888888888897,24428.133333333335,10841.848888888888,24598.0,15366.4,24349.733333333334,2390.3288888888887,24558.8,17671.36,24643.733333333334,22878.862222222226,24545.733333333334,20317.795555555564,1.0,1.0,1.0,1.0,1.0,1.0
2019-12-05 03:05:00+01:00,1574153084.0,0.0,1209.8680000000002,4151105.076975999,1507.4933333333333,6682185.115988891,74.8,0.0,30.793333333333333,105.1922888888889,0.0,0.0,1400.0,0.0,0.0,0.0,4.841666666666667,1.1770972222222222,64.37,84.6681,0.0,0.0,78.96500000000002,2.0194839173657902e-28,102.80199999999999,2.0194839173657902e-28,238.5536666666667,3.0489632222222256,245.85099999999997,11.44270566666666,249.29450000000003,114.6877280833333,0.0,0.0,562438.4,13162.773333333333,57895583.6,6518426.506666666,0.0,0.0,98705496.0,0.0,83.8,0.0,22.789,1581.601129,22.98666666666667,1571.9357488888893,180.2,10299.96,3635.15,1.8275,16383996.0,0.0,16383996.0,0.0,1.0,1.0,1.0,1.0,12.266666666666667,0.19555555555555557,36.333333333333336,0.2222222222222223,46.6,0.23999999999999996,52.6,0.23999999999999996,12.3407,0.001477439999999974,3.168599999999999,7.888609052210118e-31,45.666666666666664,0.2222222222222223,-53.46666666666667,0.2488888888888889,-52.0,0.0,48.333333333333336,0.3555555555555556,44.0,0.0,32.266666666666666,0.32888888888888895,0.0,0.0,-20.133333333333333,3.315555555555555,24.066666666666666,4.72888888888889,658.5333333333333,2208.1155555555556,47.0,0.0,24.333333333333332,4.888888888888889,676.8666666666667,2046.7822222222221,46.46666666666667,0.2488888888888889,39.0,0.0,36.13333333333333,0.11555555555555559,54.733333333333334,0.1955555555555555,24480.4,20744.64,24565.333333333332,16220.088888888884,24356.266666666666,4951.395555555556,24584.933333333334,35684.19555555556,24663.333333333332,35428.08888888889,24486.933333333334,19037.262222222223,1.0,1.0,1.0,1.0,1.0,1.0
2019-12-05 03:10:00+01:00,1574153084.0,0.0,99.85766666666666,47.51207788888887,124.96233333333332,8.288997888888895,74.8,0.0,32.025,41.44220833333333,0.0,0.0,1400.0,0.0,0.0,0.0,4.706666666666667,0.41695555555555563,63.255,33.49880833333333,0.0,0.0,78.965,0.0,102.802,0.0,242.005,0.24787833333333234,248.76899999999998,2.219972333333334,247.59483333333333,36.57756830555552,0.0,0.0,562583.7333333333,394.5955555555555,57891869.06666667,23669996.72888889,0.0,0.0,98705496.0,0.0,83.8,0.0,1.5866666666666667,0.009822222222222218,1.4486666666666665,0.08260488888888884,173.65,10339.9275,3635.233333333333,7.745555555555555,16383996.0,0.0,16383996.0,0.0,1.0,1.0,1.0,1.0,12.0,0.0,36.0,0.0,46.06666666666667,0.06222222222222226,52.2,0.16,12.311900000000001,0.002514239999999984,3.168599999999999,7.888609052210118e-31,45.0,0.0,-54.0,0.0,-52.266666666666666,0.1955555555555555,48.13333333333333,0.11555555555555559,44.0,0.0,32.0,0.0,0.0,0.0,-20.4,1.3066666666666669,24.733333333333334,2.9955555555555557,686.4,2497.4399999999996,47.0,0.0,24.733333333333334,3.662222222222223,674.6666666666666,2285.555555555555,46.13333333333333,0.11555555555555559,39.0,0.0,36.0,0.0,54.333333333333336,0.2222222222222223,24500.0,16646.933333333334,24558.8,27915.626666666663,24336.666666666668,2134.2222222222213,24565.333333333332,32867.022222222215,24545.733333333334,21598.328888888886,24519.6,23305.706666666665,1.0,1.0,1.0,1.0,1.0,1.0
2019-12-05 03:15:00+01:00,1574153084.0,0.0,2291.6186666666667,6236810.963251555,2904.3199999999997,10125645.9525,74.8,0.0,32.39333333333333,71.63262222222224,0.0,0.0,1400.0,0.0,0.0,0.0,4.6866666666666665,0.6564888888888891,62.96,58.31906666666666,0.0,0.0,78.99650000000001,0.0003307500000000251,102.80199999999999,2.0194839173657902e-28,243.30833333333334,0.6363138888888955,247.5806666666667,1.8911595555555576,247.76300000000003,36.71960099999998,0.0,0.0,564255.4666666667,531819.4488888889,57886204.0,4304980.266666667,0.0,0.0,98705496.0,0.0,83.8,0.0,44.53933333333334,2399.8880128888886,44.01566666666667,2406.2038245555555,182.3,6763.81,3635.9,6.5566666666666675,16383996.0,0.0,16383996.0,0.0,1.0,1.0,1.0,1.0,12.0,0.0,36.0,0.0,46.0,0.0,52.13333333333333,0.11555555555555558,12.3083,0.004276800000000017,3.168599999999999,7.888609052210118e-31,45.0,0.0,-53.86666666666667,0.11555555555555558,-52.4,0.23999999999999996,48.06666666666667,0.06222222222222223,44.0,0.0,32.0,0.0,0.0,0.0,-20.4,4.239999999999999,23.8,7.36,661.4666666666667,4079.5822222222223,47.0,0.0,23.4,4.906666666666666,665.8666666666667,2788.915555555555,46.0,0.0,39.0,0.0,36.0,0.0,54.06666666666667,0.06222222222222223,24454.266666666666,7512.462222222223,24669.866666666665,36452.51555555556,24343.2,3585.4933333333333,24571.866666666665,14683.44888888889,24532.666666666668,26464.355555555554,24532.666666666668,16220.08888888889,1.0,1.0,1.0,1.0,1.0,1.0
2019-12-05 03:20:00+01:00,1574153084.0,0.0,2841.3973333333333,5633557.4603395555,3524.782666666666,9287641.870079555,74.77666666666667,0.0017888888888886855,28.39,64.31423333333332,0.0,0.0,1400.0,0.0,0.0,0.0,5.043333333333333,0.647122222222222,66.58,52.40426666666667,0.0,0.0,79.00699999999999,2.0194839173657902e-28,102.80199999999999,2.0194839173657902e-28,246.16966666666664,0.645316555555553,251.51799999999997,1.6988893333333286,253.86100000000002,28.591408999999974,0.0,0.0,564605.6,535.04,57879655.333333336,23569253.422222223,0.0,0.0,98705496.0,0.0,83.8,0.0,54.43,2203.2719,54.22666666666667,2170.617588888889,195.86666666666667,9471.982222222221,3633.133333333333,1.8488888888888892,16383996.0,0.0,16383996.0,0.0,1.0,1.0,1.0,1.0,12.6,0.23999999999999996,36.8,0.16000000000000006,46.8,0.16000000000000006,52.86666666666667,0.11555555555555559,12.3299,0.002255040000000005,3.168599999999999,7.888609052210118e-31,45.86666666666667,0.11555555555555559,-53.13333333333333,0.11555555555555559,-52.0,0.0,49.06666666666667,0.1955555555555555,44.0,0.0,32.6,0.23999999999999996,0.0,0.0,-19.466666666666665,1.582222222222222,23.6,2.3733333333333335,662.9333333333333,1524.062222222222,47.0,0.0,24.2,4.56,671.7333333333333,2604.9955555555553,46.266666666666666,0.19555555555555554,39.0,0.0,36.333333333333336,0.2222222222222223,55.0,0.0,24493.466666666667,26208.248888888884,24571.866666666665,36452.51555555556,24330.133333333335,1878.1155555555558,24545.733333333334,25439.92888888889,24539.2,17671.359999999993,24526.133333333335,22366.64888888889,1.0,1.0,1.0,1.0,1.0,1.0
2019-12-05 03:25:00+01:00,1574153084.0,0.0,125.55666666666667,8303.990322222222,164.493,491.1686010000002,74.7,0.0,31.588333333333335,77.90169722222223,0.0,0.0,1400.0,0.0,0.0,0.0,4.745,0.758475,63.66,63.52106666666664,0.0,0.0,79.00699999999999,2.0194839173657902e-28,102.80199999999999,2.0194839173657902e-28,245.3021666666667,0.5709503055555513,245.64683333333335,5.957874972222224,239.78166666666667,39.736857222222234,0.0,0.0,564671.2,258.56,57880832.266666666,3741904.995555555,0.0,0.0,98705496.0,0.0,83.8,0.0,1.8863333333333332,1.680383222222222,1.6516666666666666,0.07024722222222222,183.16666666666666,9718.805555555557,3634.733333333333,3.9288888888888893,16383996.0,0.0,16383996.0,0.0,1.0,1.0,1.0,1.0,12.4,0.23999999999999996,36.46666666666667,0.2488888888888889,46.266666666666666,0.19555555555555554,52.333333333333336,0.22222222222222224,12.3299,0.001866239999999965,3.168599999999999,7.888609052210118e-31,45.4,0.23999999999999996,-53.46666666666667,0.24888888888888897,-52.2,0.16000000000000006,48.266666666666666,0.32888888888888895,44.0,0.0,32.46666666666667,0.2488888888888889,0.0,0.0,-20.666666666666668,2.088888888888889,23.466666666666665,3.182222222222222,668.0666666666667,2701.795555555555,47.0,0.0,23.133333333333333,2.3822222222222216,635.0666666666667,1072.3288888888887,46.333333333333336,0.2222222222222223,39.0,0.0,36.0,0.0,54.46666666666667,0.2488888888888889,24473.866666666665,10841.848888888891,24584.933333333334,22878.862222222226,24369.333333333332,5975.822222222223,24552.266666666666,24159.395555555555,24532.666666666668,14939.555555555557,24519.6,18183.57333333333,1.0,1.0,1.0,1.0,1.0,1.0
2019-12-05 03:30:00+01:00,1574153084.0,0.0,2109.875,6004976.510225001,2575.589333333333,9800161.83580622,74.7,0.0,29.243333333333332,77.54512222222222,0.0,0.0,1400.0,0.0,0.0,0.0,4.963333333333333,0.7463222222222221,65.82666666666667,63.248622222222224,0.0,0.0,79.007,0.0,102.802,0.0,245.81116666666668,0.18397697222222642,246.7875,2.0654887500000068,248.80816666666666,38.247354972222226,0.0,0.0,564688.3333333334,206.55555555555554,57879196.53333333,184413.58222222223,0.0,0.0,98705496.0,0.0,83.8,0.0,40.223666666666674,2318.044103222222,38.861000000000004,2346.903009,168.83333333333334,10170.47222222222,3635.0,4.0,16383996.0,0.0,16383996.0,0.0,1.0,1.0,1.0,1.0,12.333333333333334,0.22222222222222218,36.333333333333336,0.2222222222222223,46.666666666666664,0.22222222222222224,52.733333333333334,0.1955555555555555,12.326300000000002,0.0029807999999999788,3.168599999999999,7.888609052210118e-31,45.733333333333334,0.1955555555555555,-53.6,0.23999999999999996,-52.06666666666667,0.06222222222222225,48.666666666666664,0.48888888888888893,44.0,0.0,32.333333333333336,0.2222222222222223,0.0,0.0,-19.933333333333334,2.3288888888888892,22.733333333333334,1.3955555555555559,657.8,1519.7600000000002,47.0,0.0,23.6,1.3066666666666669,660.0,1339.0666666666666,46.666666666666664,0.2222222222222223,39.0,0.0,36.0,0.0,54.8,0.16,24428.133333333335,7000.2488888888865,24565.333333333332,23903.28888888888,24330.133333333335,3158.6488888888894,24506.533333333333,28769.31555555556,24552.266666666666,20317.795555555556,24539.2,9988.160000000002,1.0,1.0,1.0,1.0,1.0,1.0
2019-12-05 03:35:00+01:00,1574153084.0,0.0,3374.065333333334,5005217.441218222,3874.052333333334,10368689.79937122,74.7,0.0,30.298333333333332,65.7451638888889,0.0,0.0,1400.0,0.0,0.0,0.0,4.888333333333334,0.7800305555555557,64.83333333333333,52.21155555555554,0.0,0.0,79.00699999999999,2.0194839173657902e-28,102.802,0.0,244.5995,0.3125880833333294,243.5825,3.495772083333342,242.8478333333333,71.93349697222224,0.0,0.0,565714.2666666667,2215752.1955555556,57872315.2,87154405.76,0.0,0.0,98705496.0,0.0,83.8,0.0,60.335666666666654,2436.4395712222226,59.20533333333333,2454.573431555556,207.56666666666666,9026.912222222221,3635.5333333333333,2.9155555555555557,16383996.0,0.0,16383996.0,0.0,1.0,1.0,1.0,1.0,12.133333333333333,0.11555555555555559,36.06666666666667,0.06222222222222226,46.333333333333336,0.2222222222222223,52.46666666666667,0.2488888888888889,12.311900000000001,0.002125439999999953,3.168599999999999,7.888609052210118e-31,45.46666666666667,0.2488888888888889,-53.6,0.23999999999999996,-52.0,0.0,48.4,0.23999999999999996,44.0,0.0,32.0,0.0,0.0,0.0,-19.933333333333334,1.7955555555555553,23.4,4.64,666.6,3707.439999999999,47.0,0.0,23.933333333333334,4.862222222222221,663.6666666666666,3076.0888888888894,46.06666666666667,0.06222222222222226,39.0,0.0,36.0,0.0,54.6,0.23999999999999996,24441.2,13829.760000000002,24565.333333333332,40550.22222222221,24356.266666666666,2390.3288888888887,24545.733333333334,34403.66222222223,24565.333333333332,20061.688888888883,24480.4,15622.50666666667,1.0,1.0,1.0,1.0,1.0,1.0
2019-12-05 03:40:00+01:00,1574153084.0,0.0,590.3316666666667,71100.9297638889,184.0733333333333,83.36572222222206,74.7,0.0,29.82,76.49526666666668,0.0,0.0,1400.0,0.0,0.0,0.0,4.906666666666666,0.8156222222222222,65.26333333333334,61.9009888888889,0.0,0.0,79.007,0.0,102.80199999999999,2.0194839173657902e-28,247.35849999999996,1.0579227499999941,250.9095,4.813014750000001,256.6673333333333,18.473526222222205,0.0,0.0,568001.9333333333,402.39555555555563,57857263.4,2771570.5733333323,0.0,0.0,98705496.0,0.0,83.8,0.0,4.215,0.14787499999999992,2.266666666666667,0.1123888888888888,212.51666666666668,7931.1497222222215,3632.7,1.2100000000000002,16383996.0,0.0,16383996.0,0.0,1.0,1.0,1.0,1.0,11.933333333333334,0.06222222222222224,36.06666666666667,0.06222222222222226,46.4,0.23999999999999996,52.46666666666667,0.2488888888888889,12.333500000000003,0.002280959999999947,3.168599999999999,7.888609052210118e-31,45.4,0.23999999999999996,-53.8,0.16000000000000006,-52.06666666666667,0.06222222222222225,48.333333333333336,0.2222222222222223,44.0,0.0,32.0,0.0,0.0,0.0,-19.6,2.7733333333333334,23.8,4.293333333333333,656.3333333333334,2688.888888888889,47.0,0.0,24.466666666666665,3.715555555555555,675.4,2610.3733333333334,46.13333333333333,0.11555555555555559,39.0,0.0,36.0,0.0,54.53333333333333,0.24888888888888897,24421.6,4097.706666666665,24709.066666666666,12634.595555555557,24388.933333333334,2390.3288888888874,24591.466666666667,21086.115555555556,24571.866666666665,18525.04888888889,24513.066666666666,11354.062222222223,1.0,1.0,1.0,1.0,1.0,1.0
2019-12-05 03:45:00+01:00,1574153084.0,0.0,11328.002,159764183.957456,835.8670000000001,574122.4103809999,74.7,0.0,30.108333333333334,108.65209722222222,0.0,0.0,1400.0,0.0,0.0,0.0,4.85,1.0395000000000003,65.04333333333334,88.26612222222225,0.0,0.0,79.00699999999999,2.0194839173657902e-28,102.80199999999998,8.077935669463161e-28,249.04049999999998,0.24417141666667158,252.26400000000004,1.6623973333333266,251.74766666666662,36.1864878888889,0.0,0.0,568091.4,5846.84,57853761.8,1078421.56,0.0,0.0,98705496.0,0.0,83.8,0.0,42.794666666666664,1900.7179648888891,6.476333333333334,27.747016555555554,213.65,8388.127499999999,3633.733333333333,3.9288888888888893,16383996.0,0.0,16383996.0,0.0,1.0,1.0,1.0,1.0,11.933333333333334,0.06222222222222223,36.0,0.0,46.0,0.0,52.06666666666667,0.1955555555555555,12.315500000000002,0.0030585600000000166,3.168599999999999,7.888609052210118e-31,45.0,0.0,-54.0,0.0,-52.6,0.23999999999999996,48.2,0.16000000000000006,44.0,0.0,31.866666666666667,0.11555555555555558,0.0,0.0,-20.6,3.306666666666666,23.733333333333334,5.528888888888888,661.4666666666667,2853.4488888888886,47.0,0.0,24.533333333333335,5.448888888888888,661.4666666666667,2514.6488888888894,46.0,0.0,39.0,0.0,36.0,0.0,54.2,0.16000000000000006,24519.6,38672.106666666674,24591.466666666667,21086.115555555556,24356.266666666666,4951.395555555558,24467.333333333332,30305.955555555553,24604.533333333333,26208.248888888887,24493.466666666667,19805.58222222222,1.0,1.0,1.0,1.0,1.0,1.0
2019-12-05 03:50:00+01:00,1574153084.0,0.0,11428.347166666668,323313597.5563937,1649.5603333333333,3688252.928393222,74.7,0.0,47.806666666666665,154.59262222222222,0.0,0.0,1400.0,0.0,0.0,0.0,3.1566666666666667,1.563122222222222,49.031666666666666,125.79549722222225,0.0,0.0,79.00699999999999,2.0194839173657902e-28,102.80199999999999,2.0194839173657902e-28,240.95583333333335,27.522724305555517,229.52783333333335,166.19483697222222,203.73033333333336,530.6117298888888,0.0,0.0,568229.0666666667,484.19555555555564,57852635.2,1011635.6266666667,0.0,0.0,98705496.0,0.0,83.8,0.0,36.848,1394.9215493333334,21.031333333333336,855.9684782222224,173.91666666666666,10494.57638888889,3633.6,3.3733333333333335,16383996.0,0.0,16383996.0,0.0,1.0,1.0,1.0,1.0,12.133333333333333,0.3822222222222223,36.0,0.0,45.4,0.23999999999999996,50.6,0.6400000000000002,12.347900000000003,0.0009590399999999877,3.168599999999999,7.888609052210118e-31,44.46666666666667,0.2488888888888889,-53.93333333333333,0.06222222222222223,-52.93333333333333,0.06222222222222223,46.86666666666667,0.5155555555555557,44.0,0.0,32.2,0.2933333333333334,0.0,0.0,-24.666666666666668,3.688888888888889,21.8,3.8933333333333335,605.0,1210.0,47.0,0.0,21.666666666666668,3.2888888888888888,605.0,2097.3333333333335,46.0,0.0,38.333333333333336,0.2222222222222223,35.86666666666667,0.11555555555555559,52.93333333333333,0.5955555555555557,24500.0,17927.466666666667,24565.333333333332,17500.62222222222,24349.733333333334,3670.8622222222225,24611.066666666666,26720.46222222222,24578.4,28427.84,24486.933333333334,19037.262222222227,1.0,1.0,1.0,1.0,1.0,1.0
2019-12-05 03:55:00+01:00,1574153084.0,0.0,143.31799999999998,9488.734595999998,160.37800000000001,567.623936,74.7,0.0,31.856666666666666,84.7907888888889,0.0,0.0,1400.0,0.0,0.0,0.0,4.735,0.8402750000000001,63.40833333333333,68.79209722222222,0.0,0.0,79.007,0.0,102.802,0.0,235.46199999999996,1.1228160000000105,226.2261666666667,31.117243638888898,235.71083333333334,191.92968763888885,0.0,0.0,568301.6666666666,274.82222222222225,57849868.733333334,271328.7955555555,0.0,0.0,98705496.0,0.0,83.8,0.0,2.2073333333333336,2.1179595555555557,1.6516666666666666,0.07024722222222224,170.0,10404.0,3634.9166666666665,6.076388888888888,16383996.0,0.0,16383996.0,0.0,1.0,1.0,1.0,1.0,11.733333333333333,0.3288888888888889,36.0,0.0,46.0,0.0,51.666666666666664,0.2222222222222223,12.329900000000002,0.0014774399999999794,3.168599999999999,7.888609052210118e-31,45.0,0.0,-54.0,0.0,-52.733333333333334,0.1955555555555555,47.733333333333334,0.1955555555555555,43.8,0.16,31.733333333333334,0.32888888888888906,0.0,0.0,-21.2,2.8266666666666667,24.266666666666666,5.795555555555555,669.5333333333333,4563.582222222223,47.0,0.0,23.8,5.226666666666667,673.9333333333333,2621.128888888889,46.0,0.0,38.6,0.23999999999999996,35.666666666666664,0.2222222222222223,54.0,0.0,24447.733333333334,26720.46222222222,24513.066666666666,19037.262222222223,24369.333333333332,2134.222222222222,24571.866666666665,14683.44888888889,24558.8,22793.493333333332,24519.6,14341.973333333333,1.0,1.0,1.0,1.0,1.0,1.0
2019-12-05 04:00:00+01:00,1574153084.0,0.0,1968.7874999999997,5351037.74261875,2410.6690000000003,9144325.918819,74.7,0.0,29.706666666666667,73.90962222222223,0.0,0.0,1400.0,0.0,0.0,0.0,4.94,0.6810666666666666,65.35166666666667,60.471830555555556,0.0,0.0,79.00685,1.2750000000121758e-07,102.80199999999999,2.0194839173657902e-28,239.72533333333334,0.6712615555555509,241.96516666666673,3.8143949722222357,251.6088333333333,26.79842030555557,0.0,0.0,568318.7333333333,189.59555555555553,57849430.8,227377.76,0.0,0.0,98705496.0,0.0,83.8,0.0,37.5415,2074.42237275,36.338499999999996,2189.81765275,176.8,10357.76,3632.3333333333335,1.222222222222222,16383996.0,0.0,16383996.0,0.0,1.0,1.0,1.0,1.0,11.866666666666667,0.11555555555555558,36.0,0.0,46.0,0.0,52.06666666666667,0.06222222222222226,12.2795,0.0038361600000000142,3.168599999999999,7.888609052210118e-31,45.0,0.0,-54.0,0.0,-52.6,0.23999999999999996,48.0,0.0,44.0,0.0,31.866666666666667,0.11555555555555558,0.0,0.0,-20.066666666666666,2.595555555555556,23.866666666666667,5.315555555555556,673.2,3713.8933333333334,47.0,0.0,24.133333333333333,6.648888888888888,672.4666666666667,3208.3822222222225,46.0,0.0,39.0,0.0,35.86666666666667,0.11555555555555558,54.06666666666667,0.06222222222222226,24473.866666666665,15963.982222222221,24571.866666666665,19805.582222222227,24388.933333333334,4951.395555555554,24506.533333333333,15963.982222222223,24630.666666666668,27744.888888888883,24486.933333333334,20317.79555555556,1.0,1.0,1.0,1.0,1.0,1.0
2019-12-05 04:05:00+01:00,1574153084.0,0.0,2987.400333333333,5953999.369749888,3772.137333333333,9957815.093506223,74.7,0.0,32.068333333333335,65.52416388888889,0.0,0.0,1400.0,0.0,0.0,0.0,4.711666666666667,0.6680305555555556,63.22833333333333,53.02336388888891,0.0,0.0,79.00655000000002,2.475000000023635e-07,102.80199999999999,2.0194839173657902e-28,241.54049999999998,0.5184747499999968,244.7795,2.389154750000002,247.58616666666668,31.454176972222236,0.0,0.0,568382.4666666667,447.51555555555564,57847762.13333333,637564.5155555556,0.0,0.0,98705496.0,0.0,83.8,0.0,57.67633333333334,2299.4885232222223,57.64766666666667,2357.8342912222224,129.81666666666666,8036.71638888889,3634.0833333333335,3.1430555555555557,16383996.0,0.0,16383996.0,0.0,1.0,1.0,1.0,1.0,11.866666666666667,0.24888888888888897,36.0,0.0,46.0,0.0,51.733333333333334,0.4622222222222223,12.326300000000002,0.002591999999999992,3.168599999999999,7.888609052210118e-31,45.0,0.0,-54.0,0.13333333333333333,-52.666666666666664,0.22222222222222224,48.13333333333333,0.9155555555555556,43.733333333333334,0.1955555555555555,31.8,0.2933333333333334,0.0,0.0,-21.133333333333333,3.315555555555555,23.666666666666668,4.0888888888888895,647.5333333333333,2191.9822222222215,47.0,0.0,24.066666666666666,4.328888888888889,649.0,1887.6,46.0,0.0,38.46666666666667,0.2488888888888889,35.666666666666664,0.2222222222222223,53.86666666666667,0.24888888888888897,24434.666666666668,14939.555555555553,24539.2,18951.893333333326,24382.4,18183.57333333333,24526.133333333335,24927.715555555555,24526.133333333335,17244.515555555554,24428.133333333335,9561.315555555557,1.0,1.0,1.0,1.0,1.0,1.0
2019-12-05 04:10:00+01:00,1574153084.0,0.0,188.48083333333332,103.04294097222225,155.42416666666668,92.89644097222204,74.7,0.0,35.525,73.396875,0.0,0.0,1400.0,0.0,0.0,0.0,4.398333333333333,0.7754972222222224,60.09,59.3779,0.0,0.0,79.00699999999999,2.0194839173657902e-28,102.80199999999999,2.0194839173657902e-28,244.5173333333333,0.21118622222221978,249.52233333333334,2.0556145555555543,251.556,50.11814066666667,0.0,0.0,568433.1333333333,675.2488888888889,57850156.333333336,369347.88888888893,0.0,0.0,98705496.0,0.0,83.8,0.0,2.8941666666666666,0.004107638888888911,1.8408333333333333,0.10910763888888894,163.45,10412.3475,3633.383333333333,2.069722222222222,16383996.0,0.0,16383996.0,0.0,1.0,1.0,1.0,1.0,12.0,0.0,36.0,0.0,46.333333333333336,0.2222222222222223,52.06666666666667,0.5955555555555557,12.308300000000001,0.0031104000000000053,3.168599999999999,7.888609052210118e-31,45.4,0.23999999999999996,-53.8,0.16000000000000006,-52.333333333333336,0.22222222222222224,48.4,0.23999999999999996,44.0,0.0,31.933333333333334,0.06222222222222223,0.0,0.0,-20.8,4.96,23.0,3.066666666666667,663.6666666666666,2866.355555555556,47.0,0.0,23.266666666666666,2.595555555555556,646.0666666666667,1572.4622222222222,46.0,0.0,39.0,0.0,36.0,0.0,54.6,0.23999999999999996,24428.133333333335,19805.58222222222,24571.866666666665,19805.582222222227,24415.066666666666,11354.062222222221,24571.866666666665,28769.31555555556,24526.133333333335,26208.248888888887,24513.066666666666,13915.12888888889,1.0,1.0,1.0,1.0,1.0,1.0
2019-12-05 04:15:00+01:00,1574153084.0,0.0,2548.5783333333334,7877657.123097222,2765.9825,9624562.291968748,74.63166666666666,0.002163888888889257,32.51166666666666,74.6633638888889,0.0,0.0,1400.0,0.0,0.0,0.0,4.72,0.8569333333333331,62.79666666666667,59.56698888888888,0.0,0.0,79.00699999999998,8.077935669463161e-28,102.80199999999998,8.077935669463161e-28,244.4543333333333,0.5780545555555602,246.38283333333337,3.4775469722222296,246.17866666666663,67.2396248888889,0.0,0.0,568481.2666666667,276.52888888888884,57847337.86666667,1588962.9155555556,0.0,0.0,98705496.0,0.0,83.8,0.0,44.16583333333334,2375.935357638889,41.66666666666667,2264.332388888889,163.35,10390.527499999998,3634.3333333333335,3.8888888888888893,16383996.0,0.0,16383996.0,0.0,1.0,1.0,1.0,1.0,12.0,0.0,36.0,0.0,46.0,0.0,51.93333333333333,0.46222222222222237,12.340700000000002,0.0018662400000000186,3.168599999999999,7.888609052210118e-31,45.0,0.0,-54.0,0.0,-52.4,0.23999999999999996,48.333333333333336,0.2222222222222223,44.0,0.0,32.0,0.0,0.0,0.0,-20.266666666666666,2.9955555555555557,23.933333333333334,4.995555555555556,678.3333333333334,3931.155555555556,47.0,0.0,24.133333333333333,4.648888888888889,666.6,2029.5733333333337,46.0,0.0,39.0,0.0,36.0,0.0,54.2,0.16,24447.733333333334,19037.262222222223,24532.666666666668,20061.688888888886,24349.733333333334,6231.928888888889,24571.866666666665,18525.048888888894,24637.2,17671.36,24486.933333333334,22878.862222222222,1.0,1.0,1.0,1.0,1.0,1.0
2019-12-05 04:20:00+01:00,1574153084.0,0.0,3580.4646666666663,5741170.853344888,3573.0519999999997,8964600.782755999,74.6,0.0,29.343333333333334,53.45545555555556,0.0,0.0,1400.0,0.0,0.0,0.0,4.995,0.4291416666666667,65.66,44.50373333333335,0.0,0.0,79.00699999999999,2.0194839173657902e-28,102.80199999999999,2.0194839173657902e-28,246.01183333333336,0.3004849722222227,248.57833333333335,3.642590555555571,249.17299999999997,64.267291,0.0,0.0,568522.2666666667,564.4622222222222,57845065.46666667,40635.715555555544,0.0,0.0,98705496.0,0.0,83.8,0.0,61.752166666666675,1746.7279069722222,54.725500000000004,2070.01917475,217.71666666666667,8151.036388888889,3633.05,2.0475,16383996.0,0.0,16383996.0,0.0,1.0,1.0,1.0,1.0,12.133333333333333,0.11555555555555558,36.13333333333333,0.11555555555555558,46.2,0.16,52.46666666666667,0.2488888888888889,12.311900000000001,0.0025142399999999836,3.168599999999999,7.888609052210118e-31,45.333333333333336,0.2222222222222223,-53.733333333333334,0.1955555555555555,-52.0,0.0,48.46666666666667,0.2488888888888889,44.0,0.0,32.2,0.16,0.0,0.0,-20.133333333333333,3.315555555555555,23.933333333333334,6.995555555555555,662.9333333333333,2298.4622222222215,47.0,0.0,24.666666666666668,5.288888888888889,677.6,3142.773333333333,46.0,0.0,39.0,0.0,36.0,0.0,54.53333333333333,0.24888888888888897,24454.266666666666,8792.995555555557,24545.733333333334,12634.595555555556,24336.666666666668,2134.222222222222,24558.8,22793.493333333332,24552.266666666666,24159.395555555562,24506.533333333333,15963.982222222223,1.0,1.0,1.0,1.0,1.0,1.0
2019-12-05 04:25:00+01:00,1574153084.0,0.0,611.1065,67228.94180275,151.2925,2254.57106875,74.6,0.0,32.905,53.36314166666667,0.0,0.0,1400.0,0.0,0.0,0.0,4.636666666666667,0.6059888888888889,62.465,42.66594166666666,0.0,0.0,79.00699999999999,2.0194839173657902e-28,102.80199999999999,2.0194839173657902e-28,246.36549999999997,0.7174447499999987,248.0693333333333,4.937126222222216,249.48183333333336,72.93722830555556,0.0,0.0,568619.6666666666,6615.0888888888885,57846177.733333334,299674.86222222226,0.0,0.0,98705496.0,0.0,83.8,0.0,10.5565,23.71553275,1.51,0.44589999999999996,271.48333333333335,2.4163888888888883,3633.6,3.3733333333333335,16383996.0,0.0,16383996.0,0.0,1.0,1.0,1.0,1.0,12.133333333333333,0.11555555555555559,36.4,0.23999999999999996,46.46666666666667,0.24888888888888897,52.53333333333333,0.24888888888888897,12.297500000000001,0.003965760000000009,3.168599999999999,7.888609052210118e-31,45.86666666666667,0.11555555555555558,-53.4,0.23999999999999996,-52.0,0.0,48.46666666666667,0.2488888888888889,44.06666666666667,0.06222222222222226,32.13333333333333,0.11555555555555559,0.0,0.0,-19.466666666666665,3.5822222222222218,23.266666666666666,1.6622222222222225,662.9333333333333,1685.3955555555553,47.0,0.0,23.8,1.36,657.8,1051.8933333333334,46.4,0.23999999999999996,39.0,0.0,36.0,0.0,54.666666666666664,0.2222222222222223,24473.866666666665,15963.982222222223,24604.533333333333,17244.515555555558,24317.066666666666,1109.7955555555557,24643.733333333334,31842.595555555552,24630.666666666668,36708.62222222222,24447.733333333334,11354.062222222225,1.0,1.0,1.0,1.0,1.0,1.0
2019-12-05 04:30:00+01:00,1574153084.0,0.0,2045.5914999999998,5936062.734442752,2444.5935,9223739.54959275,74.6,0.0,32.65833333333333,81.6830972222222,0.0,0.0,1400.0,0.0,0.0,0.0,4.635,0.872275,62.67166666666667,66.0806972222222,0.0,0.0,79.00699999999999,2.0194839173657902e-28,102.80199999999999,2.0194839173657902e-28,246.17783333333335,0.20153363888889095,246.437,1.9308443333333367,245.70016666666663,38.38171497222218,0.0,0.0,568732.8666666667,44.31555555555556,57844886.06666667,572670.128888889,0.0,0.0,98705496.0,0.0,83.8,0.0,38.899,2272.2708189999994,36.971999999999994,2217.1327359999996,269.05,29.9475,3632.616666666667,3.336388888888888,16383996.0,0.0,16383996.0,0.0,1.0,1.0,1.0,1.0,12.066666666666666,0.06222222222222223,36.2,0.16,46.06666666666667,0.06222222222222223,52.4,0.23999999999999996,12.308300000000003,0.0023327999999999465,3.168599999999999,7.888609052210118e-31,45.06666666666667,0.06222222222222223,-53.666666666666664,0.22222222222222224,-52.266666666666666,0.1955555555555555,48.2,0.16,44.0,0.0,32.06666666666667,0.06222222222222224,0.0,0.0,-20.466666666666665,1.5822222222222222,23.533333333333335,3.1822222222222223,649.0,1758.5333333333333,47.0,0.0,25.133333333333333,5.0488888888888885,683.4666666666667,2611.448888888889,46.733333333333334,0.1955555555555555,39.0,0.0,36.0,0.0,54.333333333333336,0.2222222222222223,24441.2,9988.160000000002,24545.733333333334,21598.32888888889,24349.733333333334,3670.8622222222234,24526.133333333335,21086.115555555552,24571.866666666665,23647.18222222222,24519.6,14341.973333333337,1.0,1.0,1.0,1.0,1.0,1.0
2019-12-05 04:35:00+01:00,1574153084.0,0.0,3267.558,6604243.975896002,4015.9540000000006,9887745.467904,74.6,0.0,33.641666666666666,88.71776388888888,0.0,0.0,1400.0,0.0,0.0,0.0,4.541666666666667,0.8770972222222222,61.81,72.6139,0.0,0.0,79.00699999999999,2.0194839173657902e-28,102.80199999999999,2.0194839173657902e-28,246.8931666666667,0.2044616388888885,248.04166666666666,1.631897222222222,249.596,28.51867066666658,0.0,0.0,568797.0666666667,342.3288888888889,57843515.46666667,2051321.3155555555,0.0,0.0,98705496.0,0.0,83.8,0.0,62.936,2512.160664,61.532,2353.190496,139.2,6719.36,3634.4,3.8400000000000007,16383996.0,0.0,16383996.0,0.0,1.0,1.0,1.0,1.0,11.733333333333333,0.19555555555555557,36.0,0.0,46.0,0.0,52.0,0.0,12.319100000000002,0.002021759999999958,3.168599999999999,7.888609052210118e-31,45.06666666666667,0.06222222222222226,-54.0,0.0,-52.86666666666667,0.11555555555555559,48.0,0.13333333333333333,44.0,0.0,31.733333333333334,0.1955555555555555,0.0,0.0,-20.8,1.6266666666666667,23.333333333333332,2.0888888888888895,666.6,2255.44,47.0,0.0,23.666666666666668,4.222222222222222,671.0,3355.733333333333,46.2,0.16000000000000006,39.0,0.0,35.8,0.16,54.06666666666667,0.06222222222222226,24447.733333333334,15195.662222222223,24598.0,19208.0,24382.4,9219.84,24500.0,11524.8,24513.066666666666,16476.195555555554,24441.2,9988.16,1.0,1.0,1.0,1.0,1.0,1.0
2019-12-05 04:40:00+01:00,1574153084.0,0.0,161.61599999999996,2582.877024000001,167.27,9.375,74.6,0.0,29.066666666666666,79.65822222222224,0.0,0.0,1400.0,0.0,0.0,0.0,4.966666666666667,0.7622222222222222,65.95333333333333,65.31182222222222,0.0,0.0,79.00666666666666,2.2222222222434438e-07,102.80200000000002,2.0194839173657902e-28,247.65533333333335,0.2462515555555573,248.98133333333337,3.007531555555561,248.90133333333333,43.26995822222219,0.0,0.0,568829.8666666667,155.4488888888889,57843476.0,5766918.4,0.0,0.0,98705496.0,0.0,83.8,0.0,2.4659999999999997,1.2585839999999997,2.0199999999999996,0.014999999999999998,204.0,9248.0,3633.0666666666666,4.4622222222222225,16383996.0,0.0,16383996.0,0.0,1.0,1.0,1.0,1.0,11.866666666666667,0.11555555555555559,36.0,0.0,46.0,0.0,52.333333333333336,0.2222222222222223,12.304700000000002,0.0021254399999999494,3.168599999999999,7.888609052210118e-31,45.0,0.0,-53.8,0.16000000000000006,-52.333333333333336,0.2222222222222223,48.06666666666667,0.06222222222222223,44.0,0.0,32.0,0.13333333333333333,0.0,0.0,-20.066666666666666,3.395555555555556,23.733333333333334,3.528888888888889,672.4666666666667,2627.5822222222223,47.0,0.0,23.666666666666668,4.0888888888888895,660.7333333333333,2943.795555555556,46.0,0.0,39.0,0.0,36.0,0.0,54.266666666666666,0.1955555555555555,24447.733333333334,12634.595555555557,24571.866666666665,26208.248888888895,24336.666666666668,2134.2222222222217,24552.266666666666,29281.528888888894,24565.333333333332,31586.48888888888,24493.466666666667,18525.04888888889,1.0,1.0,1.0,1.0,1.0,1.0
2019-12-05 04:45:00+01:00,1574153084.0,0.0,2493.9183333333335,7214430.771430556,3045.97,11571472.503500002,74.6,0.0,32.11666666666667,84.38772222222221,0.0,0.0,1400.0,0.0,0.0,0.0,4.7283333333333335,0.9066972222222224,63.17,67.91276666666668,0.0,0.0,79.006,0.0,102.80199999999999,2.0194839173657902e-28,245.22083333333333,0.3724076388888892,242.62716666666668,3.2517303055555624,239.6963333333333,87.16825322222212,0.0,0.0,568896.3333333334,447.08888888888885,57832813.733333334,3922549.528888889,0.0,0.0,98705496.0,0.0,83.8,0.0,47.73583333333333,2697.581857638889,46.63666666666666,2805.6762222222223,125.8,8450.359999999999,3633.6,3.0400000000000005,16383996.0,0.0,16383996.0,0.0,1.0,1.0,1.0,1.0,11.6,0.23999999999999996,35.8,0.16000000000000006,46.0,0.0,51.666666666666664,0.3555555555555556,12.329900000000002,0.0014774399999999792,3.168599999999999,7.888609052210118e-31,45.0,0.0,-54.2,0.16000000000000006,-52.86666666666667,0.11555555555555558,47.8,0.4266666666666667,43.8,0.16000000000000006,31.6,0.23999999999999996,0.0,0.0,-21.266666666666666,4.062222222222221,22.8,2.56,648.2666666666667,2750.1955555555555,47.0,0.0,23.333333333333332,3.8222222222222215,645.3333333333334,2027.422222222222,46.0,0.0,38.266666666666666,0.19555555555555554,35.4,0.23999999999999996,53.733333333333334,0.1955555555555555,24454.266666666666,12634.595555555556,24500.0,8963.733333333334,24356.266666666666,4951.395555555557,24584.933333333334,20317.79555555556,24591.466666666667,17244.515555555558,24467.333333333332,20061.688888888886,1.0,1.0,1.0,1.0,1.0,1.0
2019-12-05 04:50:00+01:00,1574153084.0,0.0,3250.280833333333,6558988.005207639,3918.935333333333,10824010.86117822,74.6,0.0,31.14666666666667,76.42848888888888,0.0,0.0,1400.0,0.0,0.0,0.0,4.803333333333334,0.6949888888888889,64.04333333333334,63.0181222222222,0.0,0.0,79.006,0.0,102.802,0.0,245.67666666666668,0.15195555555555815,245.38299999999998,1.4510976666666622,246.98066666666665,26.828386222222207,0.0,0.0,568933.6,368.64,57828576.53333333,2869173.0488888887,0.0,0.0,98705496.0,0.0,83.8,0.0,61.35633333333334,2511.602826555555,60.86466666666666,2578.9014715555554,122.4,8138.240000000002,3634.9333333333334,3.128888888888888,16383996.0,0.0,16383996.0,0.0,1.0,1.0,1.0,1.0,12.133333333333333,0.11555555555555559,36.06666666666667,0.06222222222222223,46.0,0.0,52.4,0.23999999999999996,12.3335,0.0018921599999999629,3.168599999999999,7.888609052210118e-31,45.06666666666667,0.06222222222222226,-53.733333333333334,0.1955555555555555,-52.13333333333333,0.11555555555555558,48.666666666666664,0.22222222222222224,44.0,0.0,32.06666666666667,0.06222222222222223,0.0,0.0,-19.8,2.16,22.933333333333334,1.928888888888889,654.8666666666667,1869.3155555555554,47.0,0.0,23.133333333333333,1.3155555555555556,665.8666666666667,2837.3155555555554,46.0,0.0,39.0,0.0,36.0,0.0,54.53333333333333,0.2488888888888889,24467.333333333332,23903.288888888885,24591.466666666667,26208.248888888895,24343.2,2304.9599999999996,24598.0,23049.6,24676.4,28427.84,24513.066666666666,20317.795555555556,1.0,1.0,1.0,1.0,1.0,1.0
2019-12-05 04:55:00+01:00,1574153084.0,0.0,138.72666666666663,22.893888888888913,129.31,479.8802,74.6,0.0,31.81833333333333,101.21816388888892,0.0,0.0,1400.0,0.0,0.0,0.0,4.703333333333333,1.1379888888888885,63.49,81.53656666666667,0.0,0.0,79.00599999999997,8.077935669463161e-28,102.80200000000002,2.0194839173657902e-28,243.99533333333335,0.441298222222221,241.75316666666666,4.6464749722222045,240.78050000000002,93.01194808333334,0.0,0.0,568985.3333333334,355.5555555555556,57826199.733333334,2814298.595555556,0.0,0.0,98705496.0,0.0,83.8,0.0,2.173333333333333,0.10275555555555552,1.1899999999999997,0.07220000000000001,228.8,6464.159999999999,3633.2,0.5599999999999997,16383996.0,0.0,16383996.0,0.0,1.0,1.0,1.0,1.0,12.8,0.16,37.0,0.0,46.666666666666664,0.2222222222222223,52.666666666666664,0.2222222222222223,12.3299,0.0026438399999999906,3.168599999999999,7.888609052210118e-31,45.733333333333334,0.1955555555555555,-53.13333333333333,0.11555555555555559,-52.0,0.0,48.86666666666667,0.24888888888888897,44.4,0.23999999999999996,32.86666666666667,0.11555555555555558,0.0,0.0,-19.866666666666667,2.382222222222222,23.866666666666667,4.515555555555555,660.7333333333333,2266.195555555555,47.0,0.0,24.133333333333333,6.648888888888888,661.4666666666667,2385.5822222222223,46.266666666666666,0.19555555555555557,39.0,0.0,36.733333333333334,0.1955555555555555,54.733333333333334,0.1955555555555555,24428.133333333335,9561.315555555555,24578.4,16903.04,24375.866666666665,5719.7155555555555,24552.266666666666,20317.795555555553,24571.866666666665,33891.448888888895,24493.466666666667,22366.648888888885,1.0,1.0,1.0,1.0,1.0,1.0
